keyNum,addr
0,25165824
0,25166880
0,25167936
0,25168992
0,25170048
0,25171104
0,25172160
0,25173216
0,25174272
0,25175328
0,25176384
0,25177440
0,25178496
0,25179552
0,25180608
0,25181664
0,25182720
0,25183776
0,25184832
0,25185888
0,25186944
0,25188000
0,25189056
0,25190112
0,25191168
0,25192224
0,25193280
0,25194336
0,25195392
0,25196448
0,25197504
0,25198592
0,25199648
0,25200704
0,25201760
0,25202816
0,25203872
0,25204928
0,25205984
0,25207040
0,25208096
0,25209152
0,25210208
0,25211264
0,25212320
0,25213376
0,25214432
0,25215488
0,25216544
0,25217600
0,25218656
0,25219712
0,25220768
0,25221824
0,25222880
0,25223936
0,25224992
0,25226048
0,25227104
0,25228160
0,25229216
0,25230272
0,25231360
0,25232416
0,25233472
0,25234528
0,25235584
0,25236640
0,25237696
0,25238752
0,25239808
0,25240864
0,25241920
0,25242976
0,25244032
0,25245088
0,25246144
0,25247200
0,25248256
0,25249312
0,25250368
0,25251424
0,25252480
0,25253536
0,25254592
0,25255648
0,25256704
0,25257760
0,25258816
0,25259872
0,25260928
0,25261984
0,25263040
0,25264128
0,25265184
0,25266240
0,25267296
0,25268352
0,25269408
0,25270464
0,25271520
0,25272576
0,25273632
0,25274688
0,25275744
0,25276800
0,25277856
0,25278912
0,25279968
0,25281024
0,25282080
0,25283136
0,25284192
0,25285248
0,25286304
0,25287360
0,25288416
0,25289472
0,25290528
0,25291584
0,25292640
0,25293696
0,25294752
0,25295808
0,25296896
0,25297952
0,25299008
0,25300064
0,25301120
0,25302176
0,25303232
0,25304288
0,25305344
0,25306400
0,25307456
0,25308512
0,25309568
0,25310624
0,25311680
0,25312736
0,25313792
0,25314848
0,25315904
0,25316960
0,25318016
0,25319072
0,25320128
0,25321184
0,25322240
0,25323296
0,25324352
0,25325408
0,25326464
0,25327520
0,25328576
0,25329664
0,25330720
0,25331776
0,25332832
0,25333888
0,25334944
0,25336000
0,25337056
0,25338112
0,25339168
0,25340224
0,25341280
0,25342336
0,25343392
0,25344448
0,25345504
0,25346560
0,25347616
0,25348672
0,25349728
0,25350784
0,25351840
0,25352896
0,25353952
0,25355008
0,25356064
0,25357120
0,25358176
0,25359232
0,25360288
0,25361344
0,25362432
0,25363488
0,25364544
0,25365600
0,25366656
0,25367712
0,25368768
0,25369824
0,25370880
0,25371936
0,25372992
0,25374048
0,25375104
0,25376160
0,25377216
0,25378272
0,25379328
0,25380384
0,25381440
0,25382496
0,25383552
0,25384608
0,25385664
0,25386720
0,25387776
0,25388832
0,25389888
0,25390944
0,25392000
0,25393056
0,25394112
0,25395200
0,25396256
0,25397312
0,25398368
0,25399424
0,25400480
0,25401536
0,25402592
0,25403648
0,25404704
0,25405760
0,25406816
0,25407872
0,25408928
0,25409984
0,25411040
0,25412096
0,25413152
0,25414208
0,25415264
0,25416320
0,25417376
0,25418432
0,25419488
0,25420544
0,25421600
0,25422656
0,25423712
0,25424768
0,25425824
0,25426880
0,25427968
0,25429024
0,25430080
0,25431136
0,25432192
0,25433248
0,25434304
0,25435360
0,25436416
0,25437472
0,25438528
0,25439584
0,25440640
0,25441696
0,25442752
0,25443808
0,25444864
0,25445920
0,25446976
0,25448032
0,25449088
0,25450144
0,25451200
0,25452256
0,25453312
0,25454368
0,25455424
0,25456480
0,25457536
0,25458592
0,25459648
0,25460736
0,25461792
0,25462848
0,25463904
0,25464960
0,25466016
0,25467072
0,25468128
0,25469184
0,25470240
0,25471296
0,25472352
0,25473408
0,25474464
0,25475520
0,25476576
0,25477632
0,25478688
0,25479744
0,25480800
0,25481856
0,25482912
0,25483968
0,25485024
0,25486080
0,25487136
0,25488192
0,25489248
0,25490304
0,25491360
0,25492416
0,25493504
0,25494560
0,25495616
0,25496672
0,25497728
0,25498784
0,25499840
0,25500896
0,25501952
0,25503008
0,25504064
0,25505120
0,25506176
0,25507232
0,25508288
0,25509344
0,25510400
0,25511456
0,25512512
0,25513568
0,25514624
0,25515680
0,25516736
0,25517792
0,25518848
0,25519904
0,25520960
0,25522016
0,25523072
0,25524128
0,25525184
0,25526272
0,25527328
0,25528384
0,25529440
0,25530496
0,25531552
0,25532608
0,25533664
0,25534720
0,25535776
0,25536832
0,25537888
0,25538944
0,25540000
0,25541056
0,25542112
0,25543168
0,25544224
0,25545280
0,25546336
0,25547392
0,25548448
0,25549504
0,25550560
0,25551616
0,25552672
0,25553728
0,25554784
0,25555840
0,25556896
0,25557952
0,25559040
0,25560096
0,25561152
0,25562208
0,25563264
0,25564320
0,25565376
0,25566432
0,25567488
0,25568544
0,25569600
0,25570656
0,25571712
0,25572768
0,25573824
0,25574880
0,25575936
0,25576992
0,25578048
0,25579104
0,25580160
0,25581216
0,25582272
0,25583328
0,25584384
0,25585440
0,25586496
0,25587552
0,25588608
0,25589664
0,25590720
0,25591808
0,25592864
0,25593920
0,25594976
0,25596032
0,25597088
0,25598144
0,25599200
0,25600256
0,25601312
0,25602368
0,25603424
0,25604480
0,25605536
0,25606592
0,25607648
0,25608704
0,25609760
0,25610816
0,25611872
0,25612928
0,25613984
0,25615040
0,25616096
0,25617152
0,25618208
0,25619264
0,25620320
0,25621376
0,25622432
0,25623488
0,25624576
0,25625632
0,25626688
0,25627744
0,25628800
0,25629856
0,25630912
0,25631968
0,25633024
0,25634080
0,25635136
0,25636192
0,25637248
0,25638304
0,25639360
0,25640416
0,25641472
0,25642528
0,25643584
0,25644640
0,25645696
0,25646752
0,25647808
0,25648864
0,25649920
0,25650976
0,25652032
0,25653088
0,25654144
0,25655200
0,25656256
0,25657344
0,25658400
0,25659456
0,25660512
0,25661568
0,25662624
0,25663680
0,25664736
0,25665792
0,25666848
0,25667904
0,25668960
0,25670016
0,25671072
0,25672128
0,25673184
0,25674240
0,25675296
0,25676352
0,25677408
0,25678464
0,25679520
0,25680576
0,25681632
0,25682688
0,25683744
0,25684800
0,25685856
0,25686912
0,25687968
0,25689024
0,25690112
0,25691168
0,25692224
0,25693280
0,25694336
0,25695392
0,25696448
0,25697504
0,25698560
0,25699616
0,25700672
0,25701728
0,25702784
0,25703840
0,25704896
0,25705952
0,25707008
0,25708064
0,25709120
0,25710176
0,25711232
0,25712288
0,25713344
0,25714400
0,25715456
0,25716512
0,25717568
0,25718624
0,25719680
0,25720736
0,25721792
0,25722880
0,25723936
0,25724992
0,25726048
0,25727104
0,25728160
0,25729216
0,25730272
0,25731328
0,25732384
0,25733440
0,25734496
0,25735552
0,25736608
0,25737664
0,25738720
0,25739776
0,25740832
0,25741888
0,25742944
0,25744000
0,25745056
0,25746112
0,25747168
0,25748224
0,25749280
0,25750336
0,25751392
0,25752448
0,25753504
0,25754560
0,25755648
0,25756704
0,25757760
0,25758816
0,25759872
0,25760928
0,25761984
0,25763040
0,25764096
0,25765152
0,25766208
0,25767264
0,25768320
0,25769376
0,25770432
0,25771488
0,25772544
0,25773600
0,25774656
0,25775712
0,25776768
0,25777824
0,25778880
0,25779936
0,25780992
0,25782048
0,25783104
0,25784160
0,25785216
0,25786272
0,25787328
0,25788416
0,25789472
0,25790528
0,25791584
0,25792640
0,25793696
0,25794752
0,25795808
0,25796864
0,25797920
0,25798976
0,25800032
0,25801088
0,25802144
0,25803200
0,25804256
0,25805312
0,25806368
0,25807424
0,25808480
0,25809536
0,25810592
0,25811648
0,25812704
0,25813760
0,25814816
0,25815872
0,25816928
0,25817984
0,25819040
0,25820096
0,25821184
0,25822240
0,25823296
0,25824352
0,25825408
0,25826464
0,25827520
0,25828576
0,25829632
0,25830688
0,25831744
0,25832800
0,25833856
0,25834912
0,25835968
0,25837024
0,25838080
0,25839136
0,25840192
0,25841248
0,25842304
0,25843360
0,25844416
0,25845472
0,25846528
0,25847584
0,25848640
0,25849696
0,25850752
0,25851808
0,25852864
0,25853952
0,25855008
0,25856064
0,25857120
0,25858176
0,25859232
0,25860288
0,25861344
0,25862400
0,25863456
0,25864512
0,25865568
0,25866624
0,25867680
0,25868736
0,25869792
0,25870848
0,25871904
0,25872960
0,25874016
0,25875072
0,25876128
0,25877184
0,25878240
0,25879296
0,25880352
0,25881408
0,25882464
0,25883520
0,25884576
0,25885632
0,25886720
0,25887776
0,25888832
0,25889888
0,25890944
0,25892000
0,25893056
0,25894112
0,25895168
0,25896224
0,25897280
0,25898336
0,25899392
0,25900448
0,25901504
0,25902560
0,25903616
0,25904672
0,25905728
0,25906784
0,25907840
0,25908896
0,25909952
0,25911008
0,25912064
0,25913120
0,25914176
0,25915232
0,25916288
0,25917344
0,25918400
0,25919488
0,25920544
0,25921600
0,25922656
0,25923712
0,25924768
0,25925824
0,25926880
0,25927936
0,25928992
0,25930048
0,25931104
0,25932160
0,25933216
0,25934272
0,25935328
0,25936384
0,25937440
0,25938496
0,25939552
0,25940608
0,25941664
0,25942720
0,25943776
0,25944832
0,25945888
0,25946944
0,25948000
0,25949056
0,25950112
0,25951168
0,25952256
0,25953312
0,25954368
0,25955424
0,25956480
0,25957536
0,25958592
0,25959648
0,25960704
0,25961760
0,25962816
0,25963872
0,25964928
0,25965984
0,25967040
0,25968096
0,25969152
0,25970208
0,25971264
0,25972320
0,25973376
0,25974432
0,25975488
0,25976544
0,25977600
0,25978656
0,25979712
0,25980768
0,25981824
0,25982880
0,25983936
0,25985024
0,25986080
0,25987136
0,25988192
0,25989248
0,25990304
0,25991360
0,25992416
0,25993472
0,25994528
0,25995584
0,25996640
0,25997696
0,25998752
0,25999808
0,26000864
0,26001920
0,26002976
0,26004032
0,26005088
0,26006144
0,26007200
0,26008256
0,26009312
0,26010368
0,26011424
0,26012480
0,26013536
0,26014592
0,26015648
0,26016704
0,26017792
0,26018848
0,26019904
0,26020960
0,26022016
0,26023072
0,26024128
0,26025184
0,26026240
0,26027296
0,26028352
0,26029408
0,26030464
0,26031520
0,26032576
0,26033632
0,26034688
0,26035744
0,26036800
0,26037856
0,26038912
0,26039968
0,26041024
0,26042080
0,26043136
0,26044192
0,26045248
0,26046304
0,26047360
0,26048416
0,26049472
0,26050560
0,26051616
0,26052672
0,26053728
0,26054784
0,26055840
0,26056896
0,26057952
0,26059008
0,26060064
0,26061120
0,26062176
0,26063232
0,26064288
0,26065344
0,26066400
0,26067456
0,26068512
0,26069568
0,26070624
0,26071680
0,26072736
0,26073792
0,26074848
0,26075904
0,26076960
0,26078016
0,26079072
0,26080128
0,26081184
0,26082240
0,26083328
0,26084384
0,26085440
0,26086496
0,26087552
0,26088608
0,26089664
0,26090720
0,26091776
0,26092832
0,26093888
0,26094944
0,26096000
0,26097056
0,26098112
0,26099168
0,26100224
0,26101280
0,26102336
0,26103392
0,26104448
0,26105504
0,26106560
0,26107616
0,26108672
0,26109728
0,26110784
0,26111840
0,26112896
0,26113952
0,26115008
0,26116096
0,26117152
0,26118208
0,26119264
0,26120320
0,26121376
0,26122432
0,26123488
0,26124544
0,26125600
0,26126656
0,26127712
0,26128768
0,26129824
0,26130880
0,26131936
0,26132992
0,26134048
0,26135104
0,26136160
0,26137216
0,26138272
0,26139328
0,26140384
0,26141440
0,26142496
0,26143552
0,26144608
0,26145664
0,26146720
0,26147776
0,26148864
0,26149920
0,26150976
0,26152032
0,26153088
0,26154144
0,26155200
0,26156256
0,26157312
0,26158368
0,26159424
0,26160480
0,26161536
0,26162592
0,26163648
0,26164704
0,26165760
0,26166816
0,26167872
0,26168928
0,26169984
0,26171040
0,26172096
0,26173152
0,26174208
0,26175264
0,26176320
0,26177376
0,26178432
0,26179488
0,26180544
0,26181632
0,26182688
0,26183744
0,26184800
0,26185856
0,26186912
0,26187968
0,26189024
0,26190080
0,26191136
0,26192192
0,26193248
0,26194304
0,26195360
0,26196416
0,26197472
0,26198528
0,26199584
0,26200640
0,26201696
0,26202752
0,26203808
0,26204864
0,26205920
0,26206976
0,26208032
0,26209088
0,26210144
0,26211200
0,26212256
0,26213312
0,26214400
0,26215456
0,26216512
0,26217568
0,26218624
0,26219680
0,26220736
0,26221792
0,26222848
0,26223904
0,26224960
0,26226016
0,26227072
0,26228128
0,26229184
0,26230240
0,26231296
0,26232352
0,26233408
0,26234464
0,26235520
0,26236576
0,26237632
0,26238688
0,26239744
0,26240800
0,26241856
0,26242912
0,26243968
0,26245024
0,26246080
0,26247168
0,26248224
0,26249280
0,26250336
0,26251392
0,26252448
0,26253504
0,26254560
0,26255616
0,26256672
0,26257728
0,26258784
0,26259840
0,26260896
0,26261952
0,26263008
0,26264064
0,26265120
0,26266176
0,26267232
0,26268288
0,26269344
0,26270400
0,26271456
0,26272512
0,26273568
0,26274624
0,26275680
0,26276736
0,26277792
0,26278848
0,26279936
0,26280992
0,26282048
0,26283104
0,26284160
0,26285216
0,26286272
0,26287328
0,26288384
0,26289440
0,26290496
0,26291552
0,26292608
0,26293664
0,26294720
0,26295776
0,26296832
0,26297888
0,26298944
0,26300000
0,26301056
0,26302112
0,26303168
0,26304224
0,26305280
0,26306336
0,26307392
0,26308448
0,26309504
0,26310560
0,26311616
0,26312704
0,26313760
0,26314816
0,26315872
0,26316928
0,26317984
0,26319040
0,26320096
0,26321152
0,26322208
0,26323264
0,26324320
0,26325376
0,26326432
0,26327488
0,26328544
0,26329600
0,26330656
0,26331712
0,26332768
0,26333824
0,26334880
0,26335936
0,26336992
0,26338048
0,26339104
0,26340160
0,26341216
0,26342272
0,26343328
0,26344384
0,26345472
0,26346528
0,26347584
0,26348640
0,26349696
0,26350752
0,26351808
0,26352864
0,26353920
0,26354976
0,26356032
0,26357088
0,26358144
0,26359200
0,26360256
0,26361312
0,26362368
0,26363424
0,26364480
0,26365536
0,26366592
0,26367648
0,26368704
0,26369760
0,26370816
0,26371872
0,26372928
0,26373984
0,26375040
0,26376096
0,26377152
0,26378240
0,26379296
0,26380352
0,26381408
0,26382464
0,26383520
0,26384576
0,26385632
0,26386688
0,26387744
0,26388800
0,26389856
0,26390912
0,26391968
0,26393024
0,26394080
0,26395136
0,26396192
0,26397248
0,26398304
0,26399360
0,26400416
0,26401472
0,26402528
0,26403584
0,26404640
0,26405696
0,26406752
0,26407808
0,26408864
0,26409920
0,26411008
0,26412064
0,26413120
0,26414176
0,26415232
0,26416288
0,26417344
0,26418400
0,26419456
0,26420512
0,26421568
0,26422624
0,26423680
0,26424736
0,26425792
0,26426848
0,26427904
0,26428960
0,26430016
0,26431072
0,26432128
0,26433184
0,26434240
0,26435296
0,26436352
0,26437408
0,26438464
0,26439520
0,26440576
0,26441632
0,26442688
0,26443776
0,26444832
0,26445888
0,26446944
0,26448000
0,26449056
0,26450112
0,26451168
0,26452224
0,26453280
0,26454336
0,26455392
0,26456448
0,26457504
0,26458560
0,26459616
0,26460672
0,26461728
0,26462784
0,26463840
0,26464896
0,26465952
0,26467008
0,26468064
0,26469120
0,26470176
0,26471232
0,26472288
0,26473344
0,26474400
0,26475456
0,26476544
0,26477600
0,26478656
0,26479712
0,26480768
0,26481824
0,26482880
0,26483936
0,26484992
0,26486048
0,26487104
0,26488160
0,26489216
0,26490272
0,26491328
0,26492384
0,26493440
0,26494496
0,26495552
0,26496608
0,26497664
0,26498720
0,26499776
0,26500832
0,26501888
0,26502944
0,26504000
0,26505056
0,26506112
0,26507168
0,26508224
0,26509312
0,26510368
0,26511424
0,26512480
0,26513536
0,26514592
0,26515648
0,26516704
0,26517760
0,26518816
0,26519872
0,26520928
0,26521984
0,26523040
0,26524096
0,26525152
0,26526208
0,26527264
0,26528320
0,26529376
0,26530432
0,26531488
0,26532544
0,26533600
0,26534656
0,26535712
0,26536768
0,26537824
0,26538880
0,26539936
0,26540992
0,26542080
0,26543136
0,26544192
0,26545248
0,26546304
0,26547360
0,26548416
0,26549472
0,26550528
0,26551584
0,26552640
0,26553696
0,26554752
0,26555808
0,26556864
0,26557920
0,26558976
0,26560032
0,26561088
0,26562144
0,26563200
0,26564256
0,26565312
0,26566368
0,26567424
0,26568480
0,26569536
0,26570592
0,26571648
0,26572704
0,26573760
0,26574848
0,26575904
0,26576960
0,26578016
0,26579072
0,26580128
0,26581184
0,26582240
0,26583296
0,26584352
0,26585408
0,26586464
0,26587520
0,26588576
0,26589632
0,26590688
0,26591744
0,26592800
0,26593856
0,26594912
0,26595968
0,26597024
0,26598080
0,26599136
0,26600192
0,26601248
0,26602304
0,26603360
0,26604416
0,26605472
0,26606528
0,26607616
0,26608672
0,26609728
0,26610784
0,26611840
0,26612896
0,26613952
0,26615008
0,26616064
0,26617120
0,26618176
0,26619232
0,26620288
0,26621344
0,26622400
0,26623456
0,26624512
0,26625568
0,26626624
0,26627680
0,26628736
0,26629792
0,26630848
0,26631904
0,26632960
0,26634016
0,26635072
0,26636128
0,26637184
0,26638240
0,26639296
0,26640384
0,26641440
0,26642496
0,26643552
0,26644608
0,26645664
0,26646720
0,26647776
0,26648832
0,26649888
0,26650944
0,26652000
0,26653056
0,26654112
0,26655168
0,26656224
0,26657280
0,26658336
0,26659392
0,26660448
0,26661504
0,26662560
0,26663616
0,26664672
0,26665728
0,26666784
0,26667840
0,26668896
0,26669952
0,26671008
0,26672064
0,26673152
0,26674208
0,26675264
0,26676320
0,26677376
0,26678432
0,26679488
0,26680544
0,26681600
0,26682656
0,26683712
0,26684768
0,26685824
0,26686880
0,26687936
0,26688992
0,26690048
0,26691104
0,26692160
0,26693216
0,26694272
0,26695328
0,26696384
0,26697440
0,26698496
0,26699552
0,26700608
0,26701664
0,26702720
0,26703776
0,26704832
0,26705920
0,26706976
0,26708032
0,26709088
0,26710144
0,26711200
0,26712256
0,26713312
0,26714368
0,26715424
0,26716480
0,26717536
0,26718592
0,26719648
0,26720704
0,26721760
0,26722816
0,26723872
0,26724928
0,26725984
0,26727040
0,26728096
0,26729152
0,26730208
0,26731264
0,26732320
0,26733376
0,26734432
0,26735488
0,26736544
0,26737600
0,26738688
0,26739744
0,26740800
0,26741856
0,26742912
0,26743968
0,26745024
0,26746080
0,26747136
0,26748192
0,26749248
0,26750304
0,26751360
0,26752416
0,26753472
0,26754528
0,26755584
0,26756640
0,26757696
0,26758752
0,26759808
0,26760864
0,26761920
0,26762976
0,26764032
0,26765088
0,26766144
0,26767200
0,26768256
0,26769312
0,26770368
0,26771456
0,26772512
0,26773568
0,26774624
0,26775680
0,26776736
0,26777792
0,26778848
0,26779904
0,26780960
0,26782016
0,26783072
0,26784128
0,26785184
0,26786240
0,26787296
0,26788352
0,26789408
0,26790464
0,26791520
0,26792576
0,26793632
0,26794688
0,26795744
0,26796800
0,26797856
0,26798912
0,26799968
0,26801024
0,26802080
0,26803136
0,26804224
0,26805280
0,26806336
0,26807392
0,26808448
0,26809504
0,26810560
0,26811616
0,26812672
0,26813728
0,26814784
0,26815840
0,26816896
0,26817952
0,26819008
0,26820064
0,26821120
0,26822176
0,26823232
0,26824288
0,26825344
0,26826400
0,26827456
0,26828512
0,26829568
0,26830624
0,26831680
0,26832736
0,26833792
0,26834848
0,26835904
0,26836992
0,26838048
0,26839104
0,26840160
0,26841216
0,26842272
0,26843328
0,26844384
0,26845440
0,26846496
0,26847552
0,26848608
0,26849664
0,26850720
0,26851776
0,26852832
0,26853888
0,26854944
0,26856000
0,26857056
0,26858112
0,26859168
0,26860224
0,26861280
0,26862336
0,26863392
0,26864448
0,26865504
0,26866560
0,26867616
0,26868672
0,26869760
0,26870816
0,26871872
0,26872928
0,26873984
0,26875040
0,26876096
0,26877152
0,26878208
0,26879264
0,26880320
0,26881376
0,26882432
0,26883488
0,26884544
0,26885600
0,26886656
0,26887712
0,26888768
0,26889824
0,26890880
0,26891936
0,26892992
0,26894048
0,26895104
0,26896160
0,26897216
0,26898272
0,26899328
0,26900384
0,26901440
0,26902528
0,26903584
0,26904640
0,26905696
0,26906752
0,26907808
0,26908864
0,26909920
0,26910976
0,26912032
0,26913088
0,26914144
0,26915200
0,26916256
0,26917312
0,26918368
0,26919424
0,26920480
0,26921536
0,26922592
0,26923648
0,26924704
0,26925760
0,26926816
0,26927872
0,26928928
0,26929984
0,26931040
0,26932096
0,26933152
0,26934208
0,26935296
0,26936352
0,26937408
0,26938464
0,26939520
0,26940576
0,26941632
0,26942688
0,26943744
0,26944800
0,26945856
0,26946912
0,26947968
0,26949024
0,26950080
0,26951136
0,26952192
0,26953248
0,26954304
0,26955360
0,26956416
0,26957472
0,26958528
0,26959584
0,26960640
0,26961696
0,26962752
0,26963808
0,26964864
0,26965920
0,26966976
0,26968064
0,26969120
0,26970176
0,26971232
0,26972288
0,26973344
0,26974400
0,26975456
0,26976512
0,26977568
0,26978624
0,26979680
0,26980736
0,26981792
0,26982848
0,26983904
0,26984960
0,26986016
0,26987072
0,26988128
0,26989184
0,26990240
0,26991296
0,26992352
0,26993408
0,26994464
0,26995520
0,26996576
0,26997632
0,26998688
0,26999744
0,27000832
0,27001888
0,27002944
0,27004000
0,27005056
0,27006112
0,27007168
0,27008224
0,27009280
0,27010336
0,27011392
0,27012448
0,27013504
0,27014560
0,27015616
0,27016672
0,27017728
0,27018784
0,27019840
0,27020896
0,27021952
0,27023008
0,27024064
0,27025120
0,27026176
0,27027232
0,27028288
0,27029344
0,27030400
0,27031456
0,27032512
0,27033600
0,27034656
0,27035712
0,27036768
0,27037824
0,27038880
0,27039936
0,27040992
0,27042048
0,27043104
0,27044160
0,27045216
0,27046272
0,27047328
0,27048384
0,27049440
0,27050496
0,27051552
0,27052608
0,27053664
0,27054720
0,27055776
0,27056832
0,27057888
0,27058944
0,27060000
0,27061056
0,27062112
0,27063168
0,27064224
0,27065280
0,27066368
0,27067424
0,27068480
0,27069536
0,27070592
0,27071648
0,27072704
0,27073760
0,27074816
0,27075872
0,27076928
0,27077984
0,27079040
0,27080096
0,27081152
0,27082208
0,27083264
0,27084320
0,27085376
0,27086432
0,27087488
0,27088544
0,27089600
0,27090656
0,27091712
0,27092768
0,27093824
0,27094880
0,27095936
0,27096992
0,27098048
0,27099136
0,27100192
0,27101248
0,27102304
0,27103360
0,27104416
0,27105472
0,27106528
0,27107584
0,27108640
0,27109696
0,27110752
0,27111808
0,27112864
0,27113920
0,27114976
0,27116032
0,27117088
0,27118144
0,27119200
0,27120256
0,27121312
0,27122368
0,27123424
0,27124480
0,27125536
0,27126592
0,27127648
0,27128704
0,27129760
0,27130816
0,27131904
0,27132960
0,27134016
0,27135072
0,27136128
0,27137184
0,27138240
0,27139296
0,27140352
0,27141408
0,27142464
0,27143520
0,27144576
0,27145632
0,27146688
0,27147744
0,27148800
0,27149856
0,27150912
0,27151968
0,27153024
0,27154080
0,27155136
0,27156192
0,27157248
0,27158304
0,27159360
0,27160416
0,27161472
0,27162528
0,27163584
0,27164672
0,27165728
0,27166784
0,27167840
0,27168896
0,27169952
0,27171008
0,27172064
0,27173120
0,27174176
0,27175232
0,27176288
0,27177344
0,27178400
0,27179456
0,27180512
0,27181568
0,27182624
0,27183680
0,27184736
0,27185792
0,27186848
0,27187904
0,27188960
0,27190016
0,27191072
0,27192128
0,27193184
0,27194240
0,27195296
0,27196352
0,27197440
0,27198496
0,27199552
0,27200608
0,27201664
0,27202720
0,27203776
0,27204832
0,27205888
0,27206944
0,27208000
0,27209056
0,27210112
0,27211168
0,27212224
0,27213280
0,27214336
0,27215392
0,27216448
0,27217504
0,27218560
0,27219616
0,27220672
0,27221728
0,27222784
0,27223840
0,27224896
0,27225952
0,27227008
0,27228064
0,27229120
0,27230208
0,27231264
0,27232320
0,27233376
0,27234432
0,27235488
0,27236544
0,27237600
0,27238656
0,27239712
0,27240768
0,27241824
0,27242880
0,27243936
0,27244992
0,27246048
0,27247104
0,27248160
0,27249216
0,27250272
0,27251328
0,27252384
0,27253440
0,27254496
0,27255552
0,27256608
0,27257664
0,27258720
0,27259776
0,27260832
0,27261888
0,27262976
0,27264032
0,27265088
0,27266144
0,27267200
0,27268256
0,27269312
0,27270368
0,27271424
0,27272480
0,27273536
0,27274592
0,27275648
0,27276704
0,27277760
0,27278816
0,27279872
0,27280928
0,27281984
0,27283040
0,27284096
0,27285152
0,27286208
0,27287264
0,27288320
0,27289376
0,27290432
0,27291488
0,27292544
0,27293600
0,27294656
0,27295744
0,27296800
0,27297856
0,27298912
0,27299968
0,27301024
0,27302080
0,27303136
0,27304192
0,27305248
0,27306304
0,27307360
0,27308416
0,27309472
0,27310528
0,27311584
0,27312640
0,27313696
0,27314752
0,27315808
0,27316864
0,27317920
0,27318976
0,27320032
0,27321088
0,27322144
0,27323200
0,27324256
0,27325312
0,27326368
0,27327424
0,27328512
0,27329568
0,27330624
0,27331680
0,27332736
0,27333792
0,27334848
0,27335904
0,27336960
0,27338016
0,27339072
0,27340128
0,27341184
0,27342240
0,27343296
0,27344352
0,27345408
0,27346464
0,27347520
0,27348576
0,27349632
0,27350688
0,27351744
0,27352800
0,27353856
0,27354912
0,27355968
0,27357024
0,27358080
0,27359136
0,27360192
0,27361280
0,27362336
0,27363392
0,27364448
0,27365504
0,27366560
0,27367616
0,27368672
0,27369728
0,27370784
0,27371840
0,27372896
0,27373952
0,27375008
0,27376064
0,27377120
0,27378176
0,27379232
0,27380288
0,27381344
0,27382400
0,27383456
0,27384512
0,27385568
0,27386624
0,27387680
0,27388736
0,27389792
0,27390848
0,27391904
0,27392960
0,27394048
0,27395104
0,27396160
0,27397216
0,27398272
0,27399328
0,27400384
0,27401440
0,27402496
0,27403552
0,27404608
0,27405664
0,27406720
0,27407776
0,27408832
0,27409888
0,27410944
0,27412000
0,27413056
0,27414112
0,27415168
0,27416224
0,27417280
0,27418336
0,27419392
0,27420448
0,27421504
0,27422560
0,27423616
0,27424672
0,27425728
0,27426816
0,27427872
0,27428928
0,27429984
0,27431040
0,27432096
0,27433152
0,27434208
0,27435264
0,27436320
0,27437376
0,27438432
0,27439488
0,27440544
0,27441600
0,27442656
0,27443712
0,27444768
0,27445824
0,27446880
0,27447936
0,27448992
0,27450048
0,27451104
0,27452160
0,27453216
0,27454272
0,27455328
0,27456384
0,27457440
0,27458496
0,27459584
0,27460640
0,27461696
0,27462752
0,27463808
0,27464864
0,27465920
0,27466976
0,27468032
0,27469088
0,27470144
0,27471200
0,27472256
0,27473312
0,27474368
0,27475424
0,27476480
0,27477536
0,27478592
0,27479648
0,27480704
0,27481760
0,27482816
0,27483872
0,27484928
0,27485984
0,27487040
0,27488096
0,27489152
0,27490208
0,27491264
0,27492352
0,27493408
0,27494464
0,27495520
0,27496576
0,27497632
0,27498688
0,27499744
0,27500800
0,27501856
0,27502912
0,27503968
0,27505024
0,27506080
0,27507136
0,27508192
0,27509248
0,27510304
0,27511360
0,27512416
0,27513472
0,27514528
0,27515584
0,27516640
0,27517696
0,27518752
0,27519808
0,27520864
0,27521920
0,27522976
0,27524032
0,27525120
0,27526176
0,27527232
0,27528288
0,27529344
0,27530400
0,27531456
0,27532512
0,27533568
0,27534624
0,27535680
0,27536736
0,27537792
0,27538848
0,27539904
0,27540960
0,27542016
0,27543072
0,27544128
0,27545184
0,27546240
0,27547296
0,27548352
0,27549408
0,27550464
0,27551520
0,27552576
0,27553632
0,27554688
0,27555744
0,27556800
0,27557888
0,27558944
0,27560000
0,27561056
0,27562112
0,27563168
0,27564224
0,27565280
0,27566336
0,27567392
0,27568448
0,27569504
0,27570560
0,27571616
0,27572672
0,27573728
0,27574784
0,27575840
0,27576896
0,27577952
0,27579008
0,27580064
0,27581120
0,27582176
0,27583232
0,27584288
0,27585344
0,27586400
0,27587456
0,27588512
0,27589568
0,27590656
0,27591712
0,27592768
0,27593824
0,27594880
0,27595936
0,27596992
0,27598048
0,27599104
0,27600160
0,27601216
0,27602272
0,27603328
0,27604384
0,27605440
0,27606496
0,27607552
0,27608608
0,27609664
0,27610720
0,27611776
0,27612832
0,27613888
0,27614944
0,27616000
0,27617056
0,27618112
0,27619168
0,27620224
0,27621280
0,27622336
0,27623424
0,27624480
0,27625536
0,27626592
0,27627648
0,27628704
0,27629760
0,27630816
0,27631872
0,27632928
0,27633984
0,27635040
0,27636096
0,27637152
0,27638208
0,27639264
0,27640320
0,27641376
0,27642432
0,27643488
0,27644544
0,27645600
0,27646656
0,27647712
0,27648768
0,27649824
0,27650880
0,27651936
0,27652992
0,27654048
0,27655104
0,27656192
0,27657248
0,27658304
0,27659360
0,27660416
0,27661472
0,27662528
0,27663584
0,27664640
0,27665696
0,27666752
0,27667808
0,27668864
0,27669920
0,27670976
0,27672032
0,27673088
0,27674144
0,27675200
0,27676256
0,27677312
0,27678368
0,27679424
0,27680480
0,27681536
0,27682592
0,27683648
0,27684704
0,27685760
0,27686816
0,27687872
0,27688960
0,27690016
0,27691072
0,27692128
0,27693184
0,27694240
0,27695296
0,27696352
0,27697408
0,27698464
0,27699520
0,27700576
0,27701632
0,27702688
0,27703744
0,27704800
0,27705856
0,27706912
0,27707968
0,27709024
0,27710080
0,27711136
0,27712192
0,27713248
0,27714304
0,27715360
0,27716416
0,27717472
0,27718528
0,27719584
0,27720640
0,27721728
0,27722784
0,27723840
0,27724896
0,27725952
0,27727008
0,27728064
0,27729120
0,27730176
0,27731232
0,27732288
0,27733344
0,27734400
0,27735456
0,27736512
0,27737568
0,27738624
0,27739680
0,27740736
0,27741792
0,27742848
0,27743904
0,27744960
0,27746016
0,27747072
0,27748128
0,27749184
0,27750240
0,27751296
0,27752352
0,27753408
0,27754496
0,27755552
0,27756608
0,27757664
0,27758720
0,27759776
0,27760832
0,27761888
0,27762944
0,27764000
0,27765056
0,27766112
0,27767168
0,27768224
0,27769280
0,27770336
0,27771392
0,27772448
0,27773504
0,27774560
0,27775616
0,27776672
0,27777728
0,27778784
0,27779840
0,27780896
0,27781952
0,27783008
0,27784064
0,27785120
0,27786176
0,27787264
0,27788320
0,27789376
0,27790432
0,27791488
0,27792544
0,27793600
0,27794656
0,27795712
0,27796768
0,27797824
0,27798880
0,27799936
0,27800992
0,27802048
0,27803104
0,27804160
0,27805216
0,27806272
0,27807328
0,27808384
0,27809440
0,27810496
0,27811552
0,27812608
0,27813664
0,27814720
0,27815776
0,27816832
0,27817888
0,27818944
0,27820032
0,27821088
0,27822144
0,27823200
0,27824256
0,27825312
0,27826368
0,27827424
0,27828480
0,27829536
0,27830592
0,27831648
0,27832704
0,27833760
0,27834816
0,27835872
0,27836928
0,27837984
0,27839040
0,27840096
0,27841152
0,27842208
0,27843264
0,27844320
0,27845376
0,27846432
0,27847488
0,27848544
0,27849600
0,27850656
0,27851712
0,27852800
0,27853856
0,27854912
0,27855968
0,27857024
0,27858080
0,27859136
0,27860192
0,27861248
0,27862304
0,27863360
0,27864416
0,27865472
0,27866528
0,27867584
0,27868640
0,27869696
0,27870752
0,27871808
0,27872864
0,27873920
0,27874976
0,27876032
0,27877088
0,27878144
0,27879200
0,27880256
0,27881312
0,27882368
0,27883424
0,27884480
0,27885568
0,27886624
0,27887680
0,27888736
0,27889792
0,27890848
0,27891904
0,27892960
0,27894016
0,27895072
0,27896128
0,27897184
0,27898240
0,27899296
0,27900352
0,27901408
0,27902464
0,27903520
0,27904576
0,27905632
0,27906688
0,27907744
0,27908800
0,27909856
0,27910912
0,27911968
0,27913024
0,27914080
0,27915136
0,27916192
0,27917248
0,27918336
0,27919392
0,27920448
0,27921504
0,27922560
0,27923616
0,27924672
0,27925728
0,27926784
0,27927840
0,27928896
0,27929952
0,27931008
0,27932064
0,27933120
0,27934176
0,27935232
0,27936288
0,27937344
0,27938400
0,27939456
0,27940512
0,27941568
0,27942624
0,27943680
0,27944736
0,27945792
0,27946848
0,27947904
0,27948960
0,27950016
0,27951104
0,27952160
0,27953216
0,27954272
0,27955328
0,27956384
0,27957440
0,27958496
0,27959552
0,27960608
0,27961664
0,27962720
0,27963776
0,27964832
0,27965888
0,27966944
0,27968000
0,27969056
0,27970112
0,27971168
0,27972224
0,27973280
0,27974336
0,27975392
0,27976448
0,27977504
0,27978560
0,27979616
0,27980672
0,27981728
0,27982784
0,27983872
0,27984928
0,27985984
0,27987040
0,27988096
0,27989152
0,27990208
0,27991264
0,27992320
0,27993376
0,27994432
0,27995488
0,27996544
0,27997600
0,27998656
0,27999712
0,28000768
0,28001824
0,28002880
0,28003936
0,28004992
0,28006048
0,28007104
0,28008160
0,28009216
0,28010272
0,28011328
0,28012384
0,28013440
0,28014496
0,28015552
0,28016640
0,28017696
0,28018752
0,28019808
0,28020864
0,28021920
0,28022976
0,28024032
0,28025088
0,28026144
0,28027200
0,28028256
0,28029312
0,28030368
0,28031424
0,28032480
0,28033536
0,28034592
0,28035648
0,28036704
0,28037760
0,28038816
0,28039872
0,28040928
0,28041984
0,28043040
0,28044096
0,28045152
0,28046208
0,28047264
0,28048320
0,28049408
0,28050464
0,28051520
0,28052576
0,28053632
0,28054688
0,28055744
0,28056800
0,28057856
0,28058912
0,28059968
0,28061024
0,28062080
0,28063136
0,28064192
0,28065248
0,28066304
0,28067360
0,28068416
0,28069472
0,28070528
0,28071584
0,28072640
0,28073696
0,28074752
0,28075808
0,28076864
0,28077920
0,28078976
0,28080032
0,28081088
0,28082176
0,28083232
0,28084288
0,28085344
0,28086400
0,28087456
0,28088512
0,28089568
0,28090624
0,28091680
0,28092736
0,28093792
0,28094848
0,28095904
0,28096960
0,28098016
0,28099072
0,28100128
0,28101184
0,28102240
0,28103296
0,28104352
0,28105408
0,28106464
0,28107520
0,28108576
0,28109632
0,28110688
0,28111744
0,28112800
0,28113856
0,28114944
0,28116000
0,28117056
0,28118112
0,28119168
0,28120224
0,28121280
0,28122336
0,28123392
0,28124448
0,28125504
0,28126560
0,28127616
0,28128672
0,28129728
0,28130784
0,28131840
0,28132896
0,28133952
0,28135008
0,28136064
0,28137120
0,28138176
0,28139232
0,28140288
0,28141344
0,28142400
0,28143456
0,28144512
0,28145568
0,28146624
0,28147712
0,28148768
0,28149824
0,28150880
0,28151936
0,28152992
0,28154048
0,28155104
0,28156160
0,28157216
0,28158272
0,28159328
0,28160384
0,28161440
0,28162496
0,28163552
0,28164608
0,28165664
0,28166720
0,28167776
0,28168832
0,28169888
0,28170944
0,28172000
0,28173056
0,28174112
0,28175168
0,28176224
0,28177280
0,28178336
0,28179392
0,28180480
0,28181536
0,28182592
0,28183648
0,28184704
0,28185760
0,28186816
0,28187872
0,28188928
0,28189984
0,28191040
0,28192096
0,28193152
0,28194208
0,28195264
0,28196320
0,28197376
0,28198432
0,28199488
0,28200544
0,28201600
0,28202656
0,28203712
0,28204768
0,28205824
0,28206880
0,28207936
0,28208992
0,28210048
0,28211104
0,28212160
0,28213248
0,28214304
0,28215360
0,28216416
0,28217472
0,28218528
0,28219584
0,28220640
0,28221696
0,28222752
0,28223808
0,28224864
0,28225920
0,28226976
0,28228032
0,28229088
0,28230144
0,28231200
0,28232256
0,28233312
0,28234368
0,28235424
0,28236480
0,28237536
0,28238592
0,28239648
0,28240704
0,28241760
0,28242816
0,28243872
0,28244928
0,28246016
0,28247072
0,28248128
0,28249184
0,28250240
0,28251296
0,28252352
0,28253408
0,28254464
0,28255520
0,28256576
0,28257632
0,28258688
0,28259744
0,28260800
0,28261856
0,28262912
0,28263968
0,28265024
0,28266080
0,28267136
0,28268192
0,28269248
0,28270304
0,28271360
0,28272416
0,28273472
0,28274528
0,28275584
0,28276640
0,28277696
0,28278784
0,28279840
0,28280896
0,28281952
0,28283008
0,28284064
0,28285120
0,28286176
0,28287232
0,28288288
0,28289344
0,28290400
0,28291456
0,28292512
0,28293568
0,28294624
0,28295680
0,28296736
0,28297792
0,28298848
0,28299904
0,28300960
0,28302016
0,28303072
0,28304128
0,28305184
0,28306240
0,28307296
0,28308352
0,28309408
0,28310464
0,28311552
0,28312608
0,28313664
0,28314720
0,28315776
0,28316832
0,28317888
0,28318944
0,28320000
0,28321056
0,28322112
0,28323168
0,28324224
0,28325280
0,28326336
0,28327392
0,28328448
0,28329504
0,28330560
0,28331616
0,28332672
0,28333728
0,28334784
0,28335840
0,28336896
0,28337952
0,28339008
0,28340064
0,28341120
0,28342176
0,28343232
0,28344320
0,28345376
0,28346432
0,28347488
0,28348544
0,28349600
0,28350656
0,28351712
0,28352768
0,28353824
0,28354880
0,28355936
0,28356992
0,28358048
0,28359104
0,28360160
0,28361216
0,28362272
0,28363328
0,28364384
0,28365440
0,28366496
0,28367552
0,28368608
0,28369664
0,28370720
0,28371776
0,28372832
0,28373888
0,28374944
0,28376000
0,28377088
0,28378144
0,28379200
0,28380256
0,28381312
0,28382368
0,28383424
0,28384480
0,28385536
0,28386592
0,28387648
0,28388704
0,28389760
0,28390816
0,28391872
0,28392928
0,28393984
0,28395040
0,28396096
0,28397152
0,28398208
0,28399264
0,28400320
0,28401376
0,28402432
0,28403488
0,28404544
0,28405600
0,28406656
0,28407712
0,28408768
0,28409856
0,28410912
0,28411968
0,28413024
0,28414080
0,28415136
0,28416192
0,28417248
0,28418304
0,28419360
0,28420416
0,28421472
0,28422528
0,28423584
0,28424640
0,28425696
0,28426752
0,28427808
0,28428864
0,28429920
0,28430976
0,28432032
0,28433088
0,28434144
0,28435200
0,28436256
0,28437312
0,28438368
0,28439424
0,28440480
0,28441536
0,28442624
0,28443680
0,28444736
0,28445792
0,28446848
0,28447904
0,28448960
0,28450016
0,28451072
0,28452128
0,28453184
0,28454240
0,28455296
0,28456352
0,28457408
0,28458464
0,28459520
0,28460576
0,28461632
0,28462688
0,28463744
0,28464800
0,28465856
0,28466912
0,28467968
0,28469024
0,28470080
0,28471136
0,28472192
0,28473248
0,28474304
0,28475392
0,28476448
0,28477504
0,28478560
0,28479616
0,28480672
0,28481728
0,28482784
0,28483840
0,28484896
0,28485952
0,28487008
0,28488064
0,28489120
0,28490176
0,28491232
0,28492288
0,28493344
0,28494400
0,28495456
0,28496512
0,28497568
0,28498624
0,28499680
0,28500736
0,28501792
0,28502848
0,28503904
0,28504960
0,28506016
0,28507072
0,28508160
0,28509216
0,28510272
0,28511328
0,28512384
0,28513440
0,28514496
0,28515552
0,28516608
0,28517664
0,28518720
0,28519776
0,28520832
0,28521888
0,28522944
0,28524000
0,28525056
0,28526112
0,28527168
0,28528224
0,28529280
0,28530336
0,28531392
0,28532448
0,28533504
0,28534560
0,28535616
0,28536672
0,28537728
0,28538784
0,28539840
0,28540928
0,28541984
0,28543040
0,28544096
0,28545152
0,28546208
0,28547264
0,28548320
0,28549376
0,28550432
0,28551488
0,28552544
0,28553600
0,28554656
0,28555712
0,28556768
0,28557824
0,28558880
0,28559936
0,28560992
0,28562048
0,28563104
0,28564160
0,28565216
0,28566272
0,28567328
0,28568384
0,28569440
0,28570496
0,28571552
0,28572608
0,28573696
0,28574752
0,28575808
0,28576864
0,28577920
0,28578976
0,28580032
0,28581088
0,28582144
0,28583200
0,28584256
0,28585312
0,28586368
0,28587424
0,28588480
0,28589536
0,28590592
0,28591648
0,28592704
0,28593760
0,28594816
0,28595872
0,28596928
0,28597984
0,28599040
0,28600096
0,28601152
0,28602208
0,28603264
0,28604320
0,28605376
0,28606464
0,28607520
0,28608576
0,28609632
0,28610688
0,28611744
0,28612800
0,28613856
0,28614912
0,28615968
0,28617024
0,28618080
0,28619136
0,28620192
0,28621248
0,28622304
0,28623360
0,28624416
0,28625472
0,28626528
0,28627584
0,28628640
0,28629696
0,28630752
0,28631808
0,28632864
0,28633920
0,28634976
0,28636032
0,28637088
0,28638144
0,28639232
0,28640288
0,28641344
0,28642400
0,28643456
0,28644512
0,28645568
0,28646624
0,28647680
0,28648736
0,28649792
0,28650848
0,28651904
0,28652960
0,28654016
0,28655072
0,28656128
0,28657184
0,28658240
0,28659296
0,28660352
0,28661408
0,28662464
0,28663520
0,28664576
0,28665632
0,28666688
0,28667744
0,28668800
0,28669856
0,28670912
0,28672000
0,28673056
0,28674112
0,28675168
0,28676224
0,28677280
0,28678336
0,28679392
0,28680448
0,28681504
0,28682560
0,28683616
0,28684672
0,28685728
0,28686784
0,28687840
0,28688896
0,28689952
0,28691008
0,28692064
0,28693120
0,28694176
0,28695232
0,28696288
0,28697344
0,28698400
0,28699456
0,28700512
0,28701568
0,28702624
0,28703680
0,28704768
0,28705824
0,28706880
0,28707936
0,28708992
0,28710048
0,28711104
0,28712160
0,28713216
0,28714272
0,28715328
0,28716384
0,28717440
0,28718496
0,28719552
0,28720608
0,28721664
0,28722720
0,28723776
0,28724832
0,28725888
0,28726944
0,28728000
0,28729056
0,28730112
0,28731168
0,28732224
0,28733280
0,28734336
0,28735392
0,28736448
0,28737536
0,28738592
0,28739648
0,28740704
0,28741760
0,28742816
0,28743872
0,28744928
0,28745984
0,28747040
0,28748096
0,28749152
0,28750208
0,28751264
0,28752320
0,28753376
0,28754432
0,28755488
0,28756544
0,28757600
0,28758656
0,28759712
0,28760768
0,28761824
0,28762880
0,28763936
0,28764992
0,28766048
0,28767104
0,28768160
0,28769216
0,28770304
0,28771360
0,28772416
0,28773472
0,28774528
0,28775584
0,28776640
0,28777696
0,28778752
0,28779808
0,28780864
0,28781920
0,28782976
0,28784032
0,28785088
0,28786144
0,28787200
0,28788256
0,28789312
0,28790368
0,28791424
0,28792480
0,28793536
0,28794592
0,28795648
0,28796704
0,28797760
0,28798816
0,28799872
0,28800928
0,28801984
0,28803072
0,28804128
0,28805184
0,28806240
0,28807296
0,28808352
0,28809408
0,28810464
0,28811520
0,28812576
0,28813632
0,28814688
0,28815744
0,28816800
0,28817856
0,28818912
0,28819968
0,28821024
0,28822080
0,28823136
0,28824192
0,28825248
0,28826304
0,28827360
0,28828416
0,28829472
0,28830528
0,28831584
0,28832640
0,28833696
0,28834752
0,28835840
0,28836896
0,28837952
0,28839008
0,28840064
0,28841120
0,28842176
0,28843232
0,28844288
0,28845344
0,28846400
0,28847456
0,28848512
0,28849568
0,28850624
0,28851680
0,28852736
0,28853792
0,28854848
0,28855904
0,28856960
0,28858016
0,28859072
0,28860128
0,28861184
0,28862240
0,28863296
0,28864352
0,28865408
0,28866464
0,28867520
0,28868608
0,28869664
0,28870720
0,28871776
0,28872832
0,28873888
0,28874944
0,28876000
0,28877056
0,28878112
0,28879168
0,28880224
0,28881280
0,28882336
0,28883392
0,28884448
0,28885504
0,28886560
0,28887616
0,28888672
0,28889728
0,28890784
0,28891840
0,28892896
0,28893952
0,28895008
0,28896064
0,28897120
0,28898176
0,28899232
0,28900288
0,28901376
0,28902432
0,28903488
0,28904544
0,28905600
0,28906656
0,28907712
0,28908768
0,28909824
0,28910880
0,28911936
0,28912992
0,28914048
0,28915104
0,28916160
0,28917216
0,28918272
0,28919328
0,28920384
0,28921440
0,28922496
0,28923552
0,28924608
0,28925664
0,28926720
0,28927776
0,28928832
0,28929888
0,28930944
0,28932000
0,28933056
0,28934144
0,28935200
0,28936256
0,28937312
0,28938368
0,28939424
0,28940480
0,28941536
0,28942592
0,28943648
0,28944704
0,28945760
0,28946816
0,28947872
0,28948928
0,28949984
0,28951040
0,28952096
0,28953152
0,28954208
0,28955264
0,28956320
0,28957376
0,28958432
0,28959488
0,28960544
0,28961600
0,28962656
0,28963712
0,28964768
0,28965824
0,28966912
0,28967968
0,28969024
0,28970080
0,28971136
0,28972192
0,28973248
0,28974304
0,28975360
0,28976416
0,28977472
0,28978528
0,28979584
0,28980640
0,28981696
0,28982752
0,28983808
0,28984864
0,28985920
0,28986976
0,28988032
0,28989088
0,28990144
0,28991200
0,28992256
0,28993312
0,28994368
0,28995424
0,28996480
0,28997536
0,28998592
0,28999680
0,29000736
0,29001792
0,29002848
0,29003904
0,29004960
0,29006016
0,29007072
0,29008128
0,29009184
0,29010240
0,29011296
0,29012352
0,29013408
0,29014464
0,29015520
0,29016576
0,29017632
0,29018688
0,29019744
0,29020800
0,29021856
0,29022912
0,29023968
0,29025024
0,29026080
0,29027136
0,29028192
0,29029248
0,29030304
0,29031360
0,29032448
0,29033504
0,29034560
0,29035616
0,29036672
0,29037728
0,29038784
0,29039840
0,29040896
0,29041952
0,29043008
0,29044064
0,29045120
0,29046176
0,29047232
0,29048288
0,29049344
0,29050400
0,29051456
0,29052512
0,29053568
0,29054624
0,29055680
0,29056736
0,29057792
0,29058848
0,29059904
0,29060960
0,29062016
0,29063072
0,29064128
0,29065216
0,29066272
0,29067328
0,29068384
0,29069440
0,29070496
0,29071552
0,29072608
0,29073664
0,29074720
0,29075776
0,29076832
0,29077888
0,29078944
0,29080000
0,29081056
0,29082112
0,29083168
0,29084224
0,29085280
0,29086336
0,29087392
0,29088448
0,29089504
0,29090560
0,29091616
0,29092672
0,29093728
0,29094784
0,29095840
0,29096896
0,29097984
0,29099040
0,29100096
0,29101152
0,29102208
0,29103264
0,29104320
0,29105376
0,29106432
0,29107488
0,29108544
0,29109600
0,29110656
0,29111712
0,29112768
0,29113824
0,29114880
0,29115936
0,29116992
0,29118048
0,29119104
0,29120160
0,29121216
0,29122272
0,29123328
0,29124384
0,29125440
0,29126496
0,29127552
0,29128608
0,29129664
0,29130752
0,29131808
0,29132864
0,29133920
0,29134976
0,29136032
0,29137088
0,29138144
0,29139200
0,29140256
0,29141312
0,29142368
0,29143424
0,29144480
0,29145536
0,29146592
0,29147648
0,29148704
0,29149760
0,29150816
0,29151872
0,29152928
0,29153984
0,29155040
0,29156096
0,29157152
0,29158208
0,29159264
0,29160320
0,29161376
0,29162432
0,29163520
0,29164576
0,29165632
0,29166688
0,29167744
0,29168800
0,29169856
0,29170912
0,29171968
0,29173024
0,29174080
0,29175136
0,29176192
0,29177248
0,29178304
0,29179360
0,29180416
0,29181472
0,29182528
0,29183584
0,29184640
0,29185696
0,29186752
0,29187808
0,29188864
0,29189920
0,29190976
0,29192032
0,29193088
0,29194144
0,29195200
0,29196288
0,29197344
0,29198400
0,29199456
0,29200512
0,29201568
0,29202624
0,29203680
0,29204736
0,29205792
0,29206848
0,29207904
0,29208960
0,29210016
0,29211072
0,29212128
0,29213184
0,29214240
0,29215296
0,29216352
0,29217408
0,29218464
0,29219520
0,29220576
0,29221632
0,29222688
0,29223744
0,29224800
0,29225856
0,29226912
0,29227968
0,29229056
0,29230112
0,29231168
0,29232224
0,29233280
0,29234336
0,29235392
0,29236448
0,29237504
0,29238560
0,29239616
0,29240672
0,29241728
0,29242784
0,29243840
0,29244896
0,29245952
0,29247008
0,29248064
0,29249120
0,29250176
0,29251232
0,29252288
0,29253344
0,29254400
0,29255456
0,29256512
0,29257568
0,29258624
0,29259680
0,29260736
0,29261824
0,29262880
0,29263936
0,29264992
0,29266048
0,29267104
0,29268160
0,29269216
0,29270272
0,29271328
0,29272384
0,29273440
0,29274496
0,29275552
0,29276608
0,29277664
0,29278720
0,29279776
0,29280832
0,29281888
0,29282944
0,29284000
0,29285056
0,29286112
0,29287168
0,29288224
0,29289280
0,29290336
0,29291392
0,29292448
0,29293504
0,29294592
0,29295648
0,29296704
0,29297760
0,29298816
0,29299872
0,29300928
0,29301984
0,29303040
0,29304096
0,29305152
0,29306208
0,29307264
0,29308320
0,29309376
0,29310432
0,29311488
0,29312544
0,29313600
0,29314656
0,29315712
0,29316768
0,29317824
0,29318880
0,29319936
0,29320992
0,29322048
0,29323104
0,29324160
0,29325216
0,29326272
0,29327360
0,29328416
0,29329472
